# Silicon optical properties at 300 K
# Source: Green, M.A., "Self-consistent optical parameters of intrinsic silicon
#         at 300 K including temperature coefficients"
#         Solar Energy Materials and Solar Cells, 92(11):1305-1310, 2008.
#         ISSN 0927-0248. doi: https://doi.org/10.1016/j.solmat.2008.06.009
#
# wavelength range: 250-1450 nm, 10 nm intervals (Table 1)
# alpha converted from /cm to 1/um (divide by 10000)
# n, k verbatim from Table 1; k not tabulated above 1000 nm
# Cn  = (1/n)(dn/dT)  in units of 1e-4/K
# Cka = (1/k)(dk/dT) = (1/alpha)(dalpha/dT)  in units of 1e-4/K (alpha has identical coefficient to k)
wavelength (nm)  alpha (1/um)  n       k       Cn (1e-4/K)  Cka (1e-4/K)
250              184.0         1.665   3.665    2.9          -0.9
260              197.0         1.757   4.084    2.0          -1.5
270              218.0         2.068   4.680    0.0          -3.1
280              237.0         2.959   5.287   -4.8          -3.3
290              229.0         4.356   5.286   -9.0           0.8
300              177.0         4.976   4.234   -3.8           2.5
310              146.0         5.121   3.598   -1.6           3.2
320              130.0         5.112   3.303   -1.3           1.5
330              118.0         5.195   3.100   -1.2           0.7
340              110.0         5.301   2.977   -1.0           0.3
350              106.0         5.494   2.938   -1.8           0.0
360              104.0         6.026   2.966   -4.1          -1.4
370              73.7          6.891   2.171   -4.4           4.2
380              31.3          6.616   0.946   -2.3           9.1
390              14.3          6.039   0.445    1.0          26.0
400              9.30          5.613   0.296    2.1          33.0
410              6.95          5.330   0.227    2.1          31.0
420              5.27          5.119   0.176    1.9          29.0
430              4.02          4.949   0.138    1.8          29.0
440              3.07          4.812   0.107    1.7          28.0
450              2.41          4.691   0.086    1.6          28.0
460              1.95          4.587   0.071    1.6          29.0
470              1.66          4.497   0.062    1.5          29.0
480              1.44          4.419   0.055    1.4          30.0
490              1.26          4.350   0.049    1.4          30.0
500              1.11          4.294   0.044    1.3          31.0
510              0.970         4.241   0.039    1.3          31.0
520              0.880         4.193   0.036    1.2          32.0
530              0.785         4.151   0.033    1.2          33.0
540              0.705         4.112   0.030    1.2          33.0
550              0.639         4.077   0.028    1.1          33.0
560              0.578         4.045   0.026    1.1          34.0
570              0.532         4.015   0.024    1.1          34.0
580              0.488         3.988   0.023    1.1          34.0
590              0.449         3.963   0.021    1.0          34.0
600              0.4175        3.940   0.020    1.0          34.0
610              0.380         3.918   0.018    1.0          35.0
620              0.352         3.898   0.017    1.0          35.0
630              0.328         3.879   0.016    1.0          35.0
640              0.303         3.861   0.015    1.0          35.0
650              0.279         3.844   0.014    0.9          35.0
660              0.257         3.828   0.013    0.9          35.0
670              0.239         3.813   0.013    0.9          36.0
680              0.220         3.798   0.012    0.9          36.0
690              0.204         3.784   0.011    0.9          36.0
700              0.189         3.772   0.011    0.9          37.0
710              0.178         3.759   0.010    0.9          37.0
720              0.168         3.748   0.010    0.9          37.0
730              0.154         3.737   0.009    0.8          37.0
740              0.142         3.727   0.008    0.8          37.0
750              0.131         3.717   0.008    0.8          37.0
760              0.119         3.708   0.007    0.8          37.0
770              0.110         3.699   0.007    0.8          37.0
780              0.103         3.691   0.006    0.8          37.0
790              0.0928        3.683   0.006    0.8          38.0
800              0.0850        3.675   0.005    0.8          40.0
810              0.0775        3.668   0.005    0.8          41.0
820              0.0707        3.661   0.005    0.8          42.0
830              0.0647        3.654   0.004    0.7          44.0
840              0.0590        3.647   0.004    0.7          45.0
850              0.0534        3.641   0.004    0.7          46.0
860              0.0479        3.635   0.003    0.7          47.0
870              0.0431        3.630   0.003    0.7          49.0
880              0.0383        3.624   0.003    0.7          51.0
890              0.0343        3.619   0.002    0.7          52.0
900              0.0303        3.614   0.002    0.7          54.0
910              0.0271        3.609   0.002    0.7          56.0
920              0.0240        3.604   0.002    0.7          57.0
930              0.0209        3.600   0.002    0.7          59.0
940              0.0183        3.595   0.001    0.7          62.0
950              0.0156        3.591   0.001    0.7          65.0
960              0.0134        3.587   0.001    0.7          69.0
970              0.0113        3.583   0.001    0.7          73.0
980              0.00960       3.579   0.001    0.7          78.0
990              0.00790       3.575   0.001    0.7          83.0
1000             0.00640       3.572   0.001    0.7          90.0
1010             0.00511       3.568            0.7          97.0
1020             0.00399       3.565            0.7         105.0
1030             0.00302       3.562            0.7         112.0
1040             0.00226       3.559            0.6         120.0
1050             0.00163       3.556            0.6         135.0
1060             0.00111       3.553            0.6         145.0
1070             0.000800      3.550            0.6         155.0
1080             0.000620      3.547            0.6         160.0
1090             0.000470      3.545            0.6         165.0
1100             0.000350      3.542            0.6         175.0
1110             0.000270      3.540            0.6         180.0
1120             0.000200      3.537            0.6         185.0
1130             0.000150      3.535            0.6         190.0
1140             0.000100      3.532            0.6         200.0
1150             6.80e-05      3.530            0.6         210.0
1160             4.20e-05      3.528            0.6         230.0
1170             2.20e-05      3.526            0.6         260.0
1180             6.50e-06      3.524            0.6         320.0
1190             3.60e-06      3.522            0.6         345.0
1200             2.20e-06      3.520            0.6         355.0
1210             1.30e-06      3.518            0.6         380.0
1220             8.20e-07      3.517            0.6         390.0
1230             4.70e-07      3.515            0.6         405.0
1240             2.40e-07      3.513            0.6         410.0
1250             1.00e-07      3.511            0.6         430.0
1260             3.60e-08      3.509            0.6         440.0
1270             2.00e-08      3.508            0.6         455.0
1280             1.20e-08      3.506            0.6         470.0
1290             7.10e-09      3.505            0.6         500.0
1300             4.50e-09      3.503            0.6         525.0
1310             2.70e-09      3.502            0.6         550.0
1320             1.60e-09      3.500            0.6         580.0
1330             8.00e-10      3.499            0.6         610.0
1340             3.50e-10      3.497            0.6         650.0
1350             1.70e-10      3.496            0.6         670.0
1360             9.50e-11      3.495            0.6         675.0
1370             6.00e-11      3.494            0.6         680.0
1380             3.80e-11      3.492            0.6         685.0
1390             2.30e-11      3.491            0.6         690.0
1400             1.40e-11      3.490            0.6         700.0
1410             8.50e-12      3.489            0.6         710.0
1420             5.00e-12      3.488            0.6         720.0
1430             2.50e-12      3.487            0.6         730.0
1440             1.80e-12      3.486            0.6         740.0
1450             1.20e-12      3.485            0.6         750.0
